%YAML:1.0
---
codeid: fractalmarkers
mInfoType: 2
fractal_levels: 4
fractal_external_id: 0
markers:
   - { id:0, bits:[ 0, 0, 1, 0, 0, 0, 1, 1, 1, 1, 0, 1, 0, 0, 1, 0, 0, 0,
       0, 0, 1, 1, 1, 1, 0, 1, 0, 1, 1, 1, 1, 1, 1, 1, 1, 1, 1, 0, 0, 1,
       0, 1, 0, 0, 0, 0, 0, 0, 0, 1, 1, 1, 1, 1, 1, 0, 0, 0, 0, 0, 0, 0,
       1, 1, 0, 1, 1, 1, 0, 0, 0, 0, 0, 0, 0, 1, 0, 1, 1, 1, 1, 0, 0, 0,
       0, 0, 0, 0, 1, 1, 0, 0, 0, 1, 0, 0, 0, 0, 0, 0, 0, 1, 0, 0, 0, 1,
       1, 0, 0, 0, 0, 0, 0, 0, 1, 0, 0, 1, 1, 1, 0, 0, 0, 0, 0, 0, 0, 1,
       1, 1, 0, 0, 1, 1, 1, 1, 1, 1, 1, 1, 1, 1, 0, 1, 1, 1, 0, 0, 0, 1,
       1, 1, 1, 0, 1, 0, 1, 0, 1, 0, 0, 1, 1, 0, 0, 0, 0, 0, 1 ],
       corners:[ [ -1., 1., 0. ], [ 1., 1., 0. ], [ 1., -1., 0. ], [ -1.,
       -1., 0. ] ], submarkers_id:[ 1 ] }
   - { id:1, bits:[ 0, 1, 0, 1, 1, 1, 1, 1, 0, 1, 0, 0, 1, 0, 1, 1, 0, 0,
       0, 0, 0, 1, 0, 1, 1, 1, 1, 1, 1, 1, 1, 1, 1, 1, 0, 0, 1, 1, 1, 0,
       0, 0, 0, 0, 0, 1, 0, 0, 0, 1, 1, 0, 0, 0, 0, 0, 0, 1, 1, 0, 1, 1,
       1, 0, 0, 0, 0, 0, 0, 1, 0, 0, 0, 1, 1, 0, 0, 0, 0, 0, 0, 1, 1, 1,
       1, 0, 1, 0, 0, 0, 0, 0, 0, 1, 0, 0, 0, 1, 1, 0, 0, 0, 0, 0, 0, 1,
       1, 0, 1, 0, 1, 1, 1, 1, 1, 1, 1, 1, 0, 0, 0, 0, 1, 1, 0, 0, 1, 1,
       0, 0, 1, 0, 1, 0, 1, 1, 0, 0, 1, 1, 0, 1, 1, 1 ], corners:[ [
       -4.6666666865348816e-01, 4.6666666865348816e-01, 0. ], [
       4.6666666865348816e-01, 4.6666666865348816e-01, 0. ], [
       4.6666666865348816e-01, -4.6666666865348816e-01, 0. ], [
       -4.6666666865348816e-01, -4.6666666865348816e-01, 0. ] ],
       submarkers_id:[ 2 ] }
   - { id:2, bits:[ 0, 1, 1, 0, 1, 1, 0, 1, 0, 0, 1, 0, 1, 1, 0, 0, 1, 1,
       0, 0, 0, 0, 1, 1, 1, 1, 1, 1, 0, 0, 1, 0, 1, 0, 0, 0, 0, 1, 1, 1,
       0, 0, 1, 0, 0, 0, 0, 1, 1, 1, 1, 0, 1, 0, 0, 0, 0, 1, 0, 0, 0, 0,
       1, 0, 0, 0, 0, 1, 1, 1, 1, 1, 1, 1, 1, 1, 1, 1, 0, 1, 1, 1, 1, 0,
       0, 1, 0, 1, 1, 0, 0, 0, 1, 0, 1, 1, 0, 1, 1, 0 ], corners:[ [
       -2.0000000298023224e-01, 2.0000000298023224e-01, 0. ], [
       2.0000000298023224e-01, 2.0000000298023224e-01, 0. ], [
       2.0000000298023224e-01, -2.0000000298023224e-01, 0. ], [
       -2.0000000298023224e-01, -2.0000000298023224e-01, 0. ] ],
       submarkers_id:[ 3 ] }
   - { id:3, bits:[ 1, 0, 0, 0, 1, 1, 0, 0, 1, 1, 1, 0, 1, 1, 0, 1, 1, 0,
       1, 0, 1, 0, 1, 0, 0, 1, 0, 0, 0, 1, 0, 0, 1, 1, 0, 1 ], corners:[
       [ -6.6666670143604279e-02, 6.6666670143604279e-02, 0. ], [
       6.6666670143604279e-02, 6.6666670143604279e-02, 0. ], [
       6.6666670143604279e-02, -6.6666670143604279e-02, 0. ], [
       -6.6666670143604279e-02, -6.6666670143604279e-02, 0. ] ],
       submarkers_id:[] }
