%YAML:1.0
---
codeid: fractalmarkers
mInfoType: 2
fractal_levels: 3
fractal_external_id: 0
markers:
   - { id:0, bits:[ 0, 1, 0, 1, 1, 1, 1, 1, 0, 1, 0, 0, 1, 0, 1, 1, 0, 0,
       0, 0, 0, 1, 0, 1, 1, 1, 1, 1, 1, 1, 1, 1, 1, 1, 0, 0, 1, 1, 1, 0,
       0, 0, 0, 0, 0, 1, 0, 0, 0, 1, 1, 0, 0, 0, 0, 0, 0, 1, 1, 0, 1, 1,
       1, 0, 0, 0, 0, 0, 0, 1, 0, 0, 0, 1, 1, 0, 0, 0, 0, 0, 0, 1, 1, 1,
       1, 0, 1, 0, 0, 0, 0, 0, 0, 1, 0, 0, 0, 1, 1, 0, 0, 0, 0, 0, 0, 1,
       1, 0, 1, 0, 1, 1, 1, 1, 1, 1, 1, 1, 0, 0, 0, 0, 1, 1, 0, 0, 1, 1,
       0, 0, 1, 0, 1, 0, 1, 1, 0, 0, 1, 1, 0, 1, 1, 1 ], corners:[ [ -1.,
       1., 0. ], [ 1., 1., 0. ], [ 1., -1., 0. ], [ -1., -1., 0. ] ],
       submarkers_id:[ 1 ] }
   - { id:1, bits:[ 0, 1, 1, 0, 1, 1, 0, 1, 0, 0, 1, 0, 1, 1, 0, 0, 1, 1,
       0, 0, 0, 0, 1, 1, 1, 1, 1, 1, 0, 0, 1, 0, 1, 0, 0, 0, 0, 1, 1, 1,
       0, 0, 1, 0, 0, 0, 0, 1, 1, 1, 1, 0, 1, 0, 0, 0, 0, 1, 0, 0, 0, 0,
       1, 0, 0, 0, 0, 1, 1, 1, 1, 1, 1, 1, 1, 1, 1, 1, 0, 1, 1, 1, 1, 0,
       0, 1, 0, 1, 1, 0, 0, 0, 1, 0, 1, 1, 0, 1, 1, 0 ], corners:[ [
       -4.2857143282890320e-01, 4.2857143282890320e-01, 0. ], [
       4.2857143282890320e-01, 4.2857143282890320e-01, 0. ], [
       4.2857143282890320e-01, -4.2857143282890320e-01, 0. ], [
       -4.2857143282890320e-01, -4.2857143282890320e-01, 0. ] ],
       submarkers_id:[ 2 ] }
   - { id:2, bits:[ 1, 0, 0, 0, 1, 1, 0, 0, 1, 1, 1, 0, 1, 1, 0, 1, 1, 0,
       1, 0, 1, 0, 1, 0, 0, 1, 0, 0, 0, 1, 0, 0, 1, 1, 0, 1 ], corners:[
       [ -1.4285714924335480e-01, 1.4285714924335480e-01, 0. ], [
       1.4285714924335480e-01, 1.4285714924335480e-01, 0. ], [
       1.4285714924335480e-01, -1.4285714924335480e-01, 0. ], [
       -1.4285714924335480e-01, -1.4285714924335480e-01, 0. ] ],
       submarkers_id:[] }
