%YAML:1.0
---
codeid: fractalmarkers
mInfoType: 2
fractal_levels: 5
fractal_external_id: 0
markers:
   - { id:0, bits:[ 1, 0, 0, 1, 0, 0, 1, 1, 1, 0, 0, 1, 1, 0, 1, 0, 0, 0,
       1, 0, 0, 0, 0, 1, 1, 1, 1, 1, 1, 1, 1, 0, 1, 1, 0, 1, 0, 0, 0, 0,
       0, 1, 0, 0, 0, 0, 1, 0, 0, 0, 0, 0, 1, 1, 1, 1, 0, 1, 0, 0, 0, 0,
       0, 1, 1, 1, 1, 0, 1, 0, 0, 0, 0, 0, 1, 0, 1, 1, 0, 1, 0, 0, 0, 0,
       0, 1, 0, 1, 1, 0, 1, 1, 1, 1, 1, 1, 1, 1, 1, 1, 1, 0, 1, 1, 0, 1,
       0, 1, 0, 0, 1, 0, 0, 0, 1, 0, 1, 1, 1, 1, 0 ], corners:[ [ -1.,
       1., 0. ], [ 1., 1., 0. ], [ 1., -1., 0. ], [ -1., -1., 0. ] ],
       submarkers_id:[ 1 ] }
   - { id:1, bits:[ 0, 0, 1, 0, 0, 0, 1, 1, 1, 1, 0, 1, 0, 0, 1, 0, 0, 0,
       0, 0, 1, 1, 1, 1, 0, 1, 0, 1, 1, 1, 1, 1, 1, 1, 1, 1, 1, 0, 0, 1,
       0, 1, 0, 0, 0, 0, 0, 0, 0, 1, 1, 1, 1, 1, 1, 0, 0, 0, 0, 0, 0, 0,
       1, 1, 0, 1, 1, 1, 0, 0, 0, 0, 0, 0, 0, 1, 0, 1, 1, 1, 1, 0, 0, 0,
       0, 0, 0, 0, 1, 1, 0, 0, 0, 1, 0, 0, 0, 0, 0, 0, 0, 1, 0, 0, 0, 1,
       1, 0, 0, 0, 0, 0, 0, 0, 1, 0, 0, 1, 1, 1, 0, 0, 0, 0, 0, 0, 0, 1,
       1, 1, 0, 0, 1, 1, 1, 1, 1, 1, 1, 1, 1, 1, 0, 1, 1, 1, 0, 0, 0, 1,
       1, 1, 1, 0, 1, 0, 1, 0, 1, 0, 0, 1, 1, 0, 0, 0, 0, 0, 1 ],
       corners:[ [ -3.8461539149284363e-01, 3.8461539149284363e-01, 0. ],
       [ 3.8461539149284363e-01, 3.8461539149284363e-01, 0. ], [
       3.8461539149284363e-01, -3.8461539149284363e-01, 0. ], [
       -3.8461539149284363e-01, -3.8461539149284363e-01, 0. ] ],
       submarkers_id:[ 2 ] }
   - { id:2, bits:[ 0, 1, 0, 1, 1, 1, 1, 1, 0, 1, 0, 0, 1, 0, 1, 1, 0, 0,
       0, 0, 0, 1, 0, 1, 1, 1, 1, 1, 1, 1, 1, 1, 1, 1, 0, 0, 1, 1, 1, 0,
       0, 0, 0, 0, 0, 1, 0, 0, 0, 1, 1, 0, 0, 0, 0, 0, 0, 1, 1, 0, 1, 1,
       1, 0, 0, 0, 0, 0, 0, 1, 0, 0, 0, 1, 1, 0, 0, 0, 0, 0, 0, 1, 1, 1,
       1, 0, 1, 0, 0, 0, 0, 0, 0, 1, 0, 0, 0, 1, 1, 0, 0, 0, 0, 0, 0, 1,
       1, 0, 1, 0, 1, 1, 1, 1, 1, 1, 1, 1, 0, 0, 0, 0, 1, 1, 0, 0, 1, 1,
       0, 0, 1, 0, 1, 0, 1, 1, 0, 0, 1, 1, 0, 1, 1, 1 ], corners:[ [
       -1.7948718369007111e-01, 1.7948718369007111e-01, 0. ], [
       1.7948718369007111e-01, 1.7948718369007111e-01, 0. ], [
       1.7948718369007111e-01, -1.7948718369007111e-01, 0. ], [
       -1.7948718369007111e-01, -1.7948718369007111e-01, 0. ] ],
       submarkers_id:[ 3 ] }
   - { id:3, bits:[ 0, 1, 1, 0, 1, 1, 0, 1, 0, 0, 1, 0, 1, 1, 0, 0, 1, 1,
       0, 0, 0, 0, 1, 1, 1, 1, 1, 1, 0, 0, 1, 0, 1, 0, 0, 0, 0, 1, 1, 1,
       0, 0, 1, 0, 0, 0, 0, 1, 1, 1, 1, 0, 1, 0, 0, 0, 0, 1, 0, 0, 0, 0,
       1, 0, 0, 0, 0, 1, 1, 1, 1, 1, 1, 1, 1, 1, 1, 1, 0, 1, 1, 1, 1, 0,
       0, 1, 0, 1, 1, 0, 0, 0, 1, 0, 1, 1, 0, 1, 1, 0 ], corners:[ [
       -7.6923079788684845e-02, 7.6923079788684845e-02, 0. ], [
       7.6923079788684845e-02, 7.6923079788684845e-02, 0. ], [
       7.6923079788684845e-02, -7.6923079788684845e-02, 0. ], [
       -7.6923079788684845e-02, -7.6923079788684845e-02, 0. ] ],
       submarkers_id:[ 4 ] }
   - { id:4, bits:[ 1, 0, 0, 0, 1, 1, 0, 0, 1, 1, 1, 0, 1, 1, 0, 1, 1, 0,
       1, 0, 1, 0, 1, 0, 0, 1, 0, 0, 0, 1, 0, 0, 1, 1, 0, 1 ], corners:[
       [ -2.5641025975346565e-02, 2.5641025975346565e-02, 0. ], [
       2.5641025975346565e-02, 2.5641025975346565e-02, 0. ], [
       2.5641025975346565e-02, -2.5641025975346565e-02, 0. ], [
       -2.5641025975346565e-02, -2.5641025975346565e-02, 0. ] ],
       submarkers_id:[] }
