%YAML:1.0
---
codeid: fractalmarkers
mInfoType: 2
fractal_levels: 2
fractal_external_id: 0
markers:
   - { id:0, bits:[ 1, 0, 1, 1, 0, 0, 1, 0, 1, 0, 0, 1, 1, 1, 1, 1, 1, 1,
       1, 0, 1, 1, 0, 0, 0, 0, 0, 0, 1, 1, 1, 1, 0, 0, 0, 0, 0, 0, 1, 0,
       1, 1, 0, 0, 0, 0, 0, 0, 1, 0, 1, 1, 0, 0, 0, 0, 0, 0, 1, 1, 0, 1,
       0, 0, 0, 0, 0, 0, 1, 1, 0, 1, 0, 0, 0, 0, 0, 0, 1, 0, 0, 1, 1, 1,
       1, 1, 1, 1, 1, 1, 1, 1, 0, 1, 1, 0, 0, 1, 0, 0 ], corners:[ [ -1.,
       1., 0. ], [ 1., 1., 0. ], [ 1., -1., 0. ], [ -1., -1., 0. ] ],
       submarkers_id:[ 1 ] }
   - { id:1, bits:[ 0, 1, 1, 0, 1, 0, 1, 0, 1, 1, 0, 0, 1, 1, 0, 1, 1, 1,
       1, 0, 0, 0, 0, 1, 1, 0, 0, 0, 1, 0, 0, 0, 0, 0, 1, 0, 1, 1, 0, 1,
       1, 1, 1, 0, 1, 1, 1, 1, 0, 1, 1, 0, 0, 0, 1, 1, 0, 0, 0, 0, 0, 1,
       1, 0 ], corners:[ [ -5.0000000000000000e-01,
       5.0000000000000000e-01, 0. ], [ 5.0000000000000000e-01,
       5.0000000000000000e-01, 0. ], [ 5.0000000000000000e-01,
       -5.0000000000000000e-01, 0. ], [ -5.0000000000000000e-01,
       -5.0000000000000000e-01, 0. ] ], submarkers_id:[] }
